+0011000000
+0000000000
+9999999999
+4000000000
-7000000001
+0002000003
+1001002002
-0008000000
+0000000056
+0003000002
-3000000000
-7000000002
+0002000003
+1001002002
-0008000000
+0000000003
+0003000002
-3000000000
-7000000000
-0004001000
+0000000011
+0004000002
+3012001000
-0004000000
+0000000036
-6004012000
-0004000000
+0000000003
+3013001000
+0004000013
+4000000001
-7000000003
-1002001002
+0008000012
-8012000000
+3014001000
-0004000000
+0000000002
-6004014000
-8014000000
+3015001000
-0004000000
+0000000004
+3016001000
+0004000016
+4000000002
-7000000004
-1002001002
+0008000015
+6015000004
-0005000000
+0000000004
-0006000000
+0000000003
-0007000000
+0000000002
-0008000000
+0000000009
-1007008007
+2006007006
-1005006005
+1004005004
-6004015000
-8015000000
+3017001000
+6012000004
+6014000005
+6015000006
+6017000007
+1006007006
+1005006005
+1004005004
-6004017000
-8017000000
+9000000000
+9999999999
